1,0,0.99539,-0.05889,0.85243,0.02306,0.83398,-0.37708,1,0.03760,0.85243,-0.17755,0.59755,-0.44945,0.60536,-0.38223,0.84356,-0.38542,0.58212,-0.32192,0.56971,-0.29674,0.36946,-0.47357,0.56811,-0.51171,0.41078,-0.46168,0.21266,-0.34090,0.42267,-0.54487,0.18641,-0.45300,g
1,0,1,-0.18829,0.93035,-0.36156,-0.10868,-0.93597,1,-0.04549,0.50874,-0.67743,0.34432,-0.69707,-0.51685,-0.97515,0.05499,-0.62237,0.33109,-1,-0.13151,-0.45300,-0.18056,-0.35734,-0.20332,-0.26569,-0.20468,-0.18401,-0.19040,-0.11593,-0.16626,-0.06288,-0.13738,-0.02447,b
1,0,1,-0.03365,1,0.00485,1,-0.12062,0.88965,0.01198,0.73082,0.05346,0.85443,0.00827,0.54591,0.00299,0.83775,-0.13644,0.75535,-0.08540,0.70887,-0.27502,0.43385,-0.12062,0.57528,-0.40220,0.58984,-0.22145,0.43100,-0.17365,0.60436,-0.24180,0.56045,-0.38238,g
1,0,1,-0.45161,1,1,0.71216,-1,0,0,0,0,0,0,-1,0.14516,0.54094,-0.39330,-1,-0.54467,-0.69975,1,0,0,1,0.90695,0.51613,1,1,-0.20099,0.25682,1,-0.32382,1,b
1,0,1,-0.02401,0.94140,0.06531,0.92106,-0.23255,0.77152,-0.16399,0.52798,-0.20275,0.56409,-0.00712,0.34395,-0.27457,0.52940,-0.21780,0.45107,-0.17813,0.05982,-0.35575,0.02309,-0.52879,0.03286,-0.65158,0.13290,-0.53206,0.02431,-0.62197,-0.05707,-0.59573,-0.04608,-0.65697,g
1,0,0.02337,-0.00592,-0.09924,-0.11949,-0.00763,-0.11824,0.14706,0.06637,0.03786,-0.06302,0,0,-0.04572,-0.15540,-0.00343,-0.10196,-0.11575,-0.05414,0.01838,0.03669,0.01519,0.00888,0.03513,-0.01535,-0.03240,0.09223,-0.07859,0.00732,0,0,-0.00039,0.12011,b
1,0,0.97588,-0.10602,0.94601,-0.20800,0.92806,-0.28350,0.85996,-0.27342,0.79766,-0.47929,0.78225,-0.50764,0.74628,-0.61436,0.57945,-0.68086,0.37852,-0.73641,0.36324,-0.76562,0.31898,-0.79753,0.22792,-0.81634,0.13659,-0.82510,0.04606,-0.82395,-0.04262,-0.81318,-0.13832,-0.80975,g
0,0,0,0,0,0,1,-1,0,0,-1,-1,0,0,0,0,1,1,-1,-1,0,0,0,0,1,1,1,1,0,0,1,1,0,0,b
1,0,0.96355,-0.07198,1,-0.14333,1,-0.21313,1,-0.36174,0.92570,-0.43569,0.94510,-0.40668,0.90392,-0.46381,0.98305,-0.35257,0.84537,-0.66020,0.75346,-0.60589,0.69637,-0.64225,0.85106,-0.65440,0.57577,-0.69712,0.25435,-0.63919,0.45114,-0.72779,0.38895,-0.73420,g
1,0,-0.01864,-0.08459,0,0,0,0,0.11470,-0.26810,-0.45663,-0.38172,0,0,-0.33656,0.38602,-0.37133,0.15018,0.63728,0.22115,0,0,0,0,-0.14803,-0.01326,0.20645,-0.02294,0,0,0.16595,0.24086,-0.08208,0.38065,b
1,0,1,0.06655,1,-0.18388,1,-0.27320,1,-0.43107,1,-0.41349,0.96232,-0.51874,0.90711,-0.59017,0.89230,-0.66474,0.69876,-0.70997,0.70645,-0.76320,0.63081,-0.80544,0.55867,-0.89128,0.47211,-0.86500,0.40303,-0.83675,0.30996,-0.89093,0.22995,-0.89158,g
1,0,1,-0.54210,1,-1,1,-1,1,0.36217,1,-0.41119,1,1,1,-1,1,-0.29354,1,-0.93599,1,1,1,1,1,-0.40888,1,-0.62745,1,-1,1,-1,1,-1,b
1,0,1,-0.16316,1,-0.10169,0.99999,-0.15197,1,-0.19277,0.94055,-0.35151,0.95735,-0.29785,0.93719,-0.34412,0.94486,-0.28106,0.90137,-0.43383,0.86043,-0.47308,0.82987,-0.51220,0.84080,-0.47137,0.76224,-0.58370,0.65723,-0.68794,0.68714,-0.64537,0.64727,-0.67226,g
1,0,1,-0.86701,1,0.22280,0.85492,-0.39896,1,-0.12090,1,0.35147,1,0.07772,1,-0.14767,1,-1,1,-1,0.61831,0.15803,1,0.62349,1,-0.17012,1,0.35924,1,-0.66494,1,0.88428,1,-0.18826,b
1,0,1,0.07380,1,0.03420,1,-0.05563,1,0.08764,1,0.19651,1,0.20328,1,0.12785,1,0.10561,1,0.27087,1,0.44758,1,0.41750,1,0.20033,1,0.36743,0.95603,0.48641,1,0.32492,1,0.46712,g
1,0,0.50932,-0.93996,1,0.26708,-0.03520,-1,1,-1,0.43685,-1,0,0,-1,-0.34265,-0.37681,0.03623,1,-1,0,0,0,0,-0.16253,0.92236,0.39752,0.26501,0,0,1,0.23188,0,0,b
1,0,0.99645,0.06468,1,-0.01236,0.97811,0.02498,0.96112,0.02312,0.99274,0.07808,0.89323,0.10346,0.94212,0.05269,0.88809,0.11120,0.86104,0.08631,0.81633,0.11830,0.83668,0.14442,0.81329,0.13412,0.79476,0.13638,0.79110,0.15379,0.77122,0.15930,0.70941,0.12015,g
0,0,0,0,-1,-1,1,1,-1,1,-1,1,1,-1,1,1,-1,-1,-1,1,1,-1,-1,1,-1,1,1,-1,-1,1,-1,-1,1,-1,b
1,0,0.67065,0.02528,0.66626,0.05031,0.57197,0.18761,0.08776,0.34081,0.63621,0.12131,0.62099,0.14285,0.78637,0.10976,0.58373,0.18151,0.14395,0.41224,0.53888,0.21326,0.51420,0.22625,0.48838,0.23724,0.46167,0.24618,0.43433,0.25306,0.40663,0.25792,1,0.33036,g
0,0,1,-1,0,0,0,0,1,1,1,-1,-0.71875,1,0,0,-1,1,1,1,-1,1,1,0.56250,-1,1,1,1,1,-1,1,1,1,1,b
1,0,1,-0.00612,1,-0.09834,1,-0.07649,1,-0.10605,1,-0.11073,1,-0.39489,1,-0.15616,0.92124,-0.31884,0.86473,-0.34534,0.91693,-0.44072,0.96060,-0.46866,0.81874,-0.40372,0.82681,-0.42231,0.75784,-0.38231,0.80448,-0.40575,0.74354,-0.45039,g
0,0,1,1,0,0,0,0,-1,-1,0,0,0,0,-1,-1,-1,-1,-1,1,-1,1,0,0,0,0,1,-1,-1,1,-1,1,-1,1,b
1,0,0.96071,0.07088,1,0.04296,1,0.09313,0.90169,-0.05144,0.89263,0.02580,0.83250,-0.06142,0.87534,0.09831,0.76544,0.00280,0.75206,-0.05295,0.65961,-0.07905,0.64158,-0.05929,0.55677,-0.07705,0.58051,-0.02205,0.49664,-0.01251,0.51310,-0.00015,0.52099,-0.00182,g
0,0,-1,1,0,0,0,0,-1,1,1,1,0,0,0,0,1,-1,-1,1,1,1,0,0,-1,-1,1,-1,1,1,-1,1,0,0,b
1,0,1,-0.06182,1,0.02942,1,-0.05131,1,-0.01707,1,-0.11726,0.84493,-0.05202,0.93392,-0.06598,0.69170,-0.07379,0.65731,-0.20367,0.94910,-0.31558,0.80852,-0.31654,0.84932,-0.34838,0.72529,-0.29174,0.73094,-0.38576,0.54356,-0.26284,0.64207,-0.39487,g
1,0,1,0.57820,1,-1,1,-1,1,-1,1,-1,1,-1,1,-1,1,-1,1,-1,1,-0.62796,1,-1,1,-1,1,-1,1,-1,1,-1,1,-1,b
1,0,1,-0.08714,1,-0.17263,0.86635,-0.81779,0.94817,0.61053,0.95473,-0.41382,0.88486,-0.31736,0.87937,-0.23433,0.81051,-0.62180,0.12245,-1,0.90284,0.11053,0.62357,-0.78547,0.55389,-0.82868,0.48136,-0.86583,0.40650,-0.89674,0.32984,-0.92128,-0.13341,-1,g
1,0,0.91241,0.04347,0.94191,0.02280,0.94705,0.05345,0.93582,0.01321,0.91911,0.06348,0.92766,0.12067,0.92048,0.06211,0.88899,0.12722,0.83744,0.14439,0.80983,0.11849,0.77041,0.14222,0.75755,0.11299,0.73550,0.13282,0.66387,0.15300,0.70925,0.10754,0.65258,0.11447,g
1,0,1,0.02461,0.99672,0.04861,0.97545,0.07143,0.61745,-1,0.91036,0.11147,0.88462,0.53640,0.82077,0.14137,0.76929,0.15189,1,0.41003,0.65850,0.16371,0.60138,0.16516,0.54446,0.16390,0.48867,0.16019,0.43481,0.15436,0.38352,0.14677,1,1,b
1,0,1,0.06538,1,0.20746,1,0.26281,0.93051,0.32213,0.86773,0.39039,0.75474,0.50082,0.79555,0.52321,0.65954,0.60756,0.57619,0.62999,0.47807,0.67135,0.40553,0.68840,0.34384,0.72082,0.27712,0.72386,0.19296,0.70682,0.11372,0.72688,0.06990,0.71444,g
1,0,-1,-1,1,1,1,-0.14375,0,0,-1,1,1,1,0.17917,-1,-1,-1,0.08750,-1,1,-1,-1,1,-1,-1,1,-1,-1,-1,1,1,0,0,b
1,0,0.90932,0.08791,0.86528,0.16888,1,0.16598,0.55187,0.68154,0.70207,0.36719,0.16286,0.42739,0.57620,0.46086,0.51067,0.49618,0.31639,0.12967,0.37824,0.54462,0.31274,0.55826,0.24856,0.56527,0.18626,0.56605,0.12635,0.56101,0.06927,0.55061,0.12137,0.67739,g
1,0,-0.64286,-1,1,0.82857,1,-1,1,-0.23393,1,0.96161,1,-0.37679,1,-1,1,0.13839,1,-1,1,-0.03393,-0.84286,1,0.53750,0.85714,1,1,1,-1,1,-1,1,-1,b
1,0,0.99025,-0.05785,0.99793,-0.13009,0.98663,-0.19430,0.99374,-0.25843,0.92738,-0.30130,0.92651,-0.37965,0.89812,-0.43796,0.84922,-0.52064,0.87433,-0.57075,0.79016,-0.59839,0.74725,-0.64615,0.68282,-0.68479,0.65247,-0.73174,0.61010,-0.75353,0.54752,-0.80278,0.49195,-0.83245,g
0,0,0,0,0,0,0,0,1,1,1,1,0,0,0,0,-0.37500,-1,-1,-1,0,0,0,0,-1,-1,-1,-1,-1,1,1,0,0,0,b
1,0,1,-0.03730,1,-0.07383,0.99601,-0.11039,0.99838,-0.09931,0.98941,-0.13814,0.96674,-0.21695,0.95288,-0.25099,0.91236,-0.34400,0.90581,-0.32152,0.89991,-0.34691,0.87874,-0.37643,0.86213,-0.42990,0.83172,-0.43122,0.81433,-0.42593,0.77919,-0.47977,0.75115,-0.50152,g
1,0,0.94598,-0.02685,-1,0.26131,-0.36393,0.35639,0.69258,-0.63427,1,-0.03353,-0.29020,-0.00550,-0.54852,0.15452,0.91921,-0.46270,1,-0.50424,-0.29735,-0.31454,-0.73864,0.37361,0.83872,-0.46734,0.52208,-0.58130,1,-0.61393,-0.09634,0.20477,-0.06117,0.41913,b
1,0,0.98166,0.00874,0.98103,-0.03818,0.97565,-0.05699,0.95947,-0.06971,0.99004,-0.04507,0.94713,-0.11102,0.93369,-0.12790,0.94217,-0.11583,0.79682,-0.19200,0.88274,-0.17387,0.86257,-0.18739,0.88487,-0.19689,0.81813,-0.21136,0.78546,-0.23864,0.76911,-0.23095,0.74323,-0.23902,g
1,0,0,0,1,0.51724,0,0,0.10991,-1,0,0,0,0,-1,-0.22414,-0.55711,-0.83297,0.76940,0.63147,0,0,0.53448,0.35668,-0.90302,0.44828,1,-1,-1,0.81573,0,0,0,0,b
1,0,0.84134,-0.18362,0.43644,0.02919,0.93421,-0.00267,0.87947,0.13795,0.81121,-0.01789,0.88559,0.54991,0.91714,-0.57486,0.75000,-0.29520,0.86676,-0.20104,1,1,0.46610,-0.16290,0.90066,-0.02778,0.93358,-0.01158,0.61582,-0.32298,0.84463,-0.25706,0.93323,-0.01425,g
0,0,1,1,1,-1,0,0,0,0,1,1,1,1,-1,-1,1,-1,-1,1,0,0,1,-1,1,-1,1,1,-1,-1,0,0,0,0,b
1,0,1,1,1,1,0.91010,1,-0.26970,1,-0.83152,1,-1,1,-1,0.72526,-1,-0.57779,-1,-0.42052,-1,-1,-0.52838,-1,0.90014,-1,1,-1,1,-1,1,-0.34686,1,0.34845,g
1,0,-0.67935,-1,-1,1,1,0.63317,0.03515,-1,-1,-1,1,1,0.88683,-1,-1,1,0.83840,1,1,-1,-1,-1,-0.18856,1,1,-1,-1,-1,-1,1,1,0.33611,b
1,0,0.95659,0.08143,0.97487,-0.05667,0.97165,-0.08484,0.96097,-0.06561,0.94717,0.01279,0.95436,-0.16795,0.94612,-0.19497,0.99630,-0.32268,0.90343,-0.35902,0.91428,-0.27316,0.90140,-0.29807,0.99899,-0.40747,0.87244,-0.34586,0.92059,-0.30619,0.83951,-0.39061,0.82166,-0.41173,g
1,0,0.08333,-0.20685,-1,1,-1,1,0.71875,0.47173,-0.82143,-0.62723,-1,-1,-1,1,-0.02753,0.59152,-0.42113,-0.42113,-0.74628,-1,-1,-0.46801,-1,0.23810,1,-1,-1,-0.38914,-1,-1,-1,0.61458,b
1,0,1,-0.02259,1,-0.04494,1,-0.06682,1,-0.08799,1,0.56173,1,-0.12738,1,-0.14522,1,0.32407,1,-0.17639,0.99484,-0.18949,0.95601,-0.20081,1,-0.92284,0.87280,-0.21793,0.82920,-0.22370,0.78479,-0.22765,0.73992,-0.22981,g
0,0,-1,1,1,-1,-1,1,0,0,1,1,-1,-0.18750,1,1,-1,-1,1,-1,-1,-1,1,1,1,-1,1,1,1,1,0,0,-1,-1,b
0,0,1,-1,1,1,1,1,1,1,1,1,1,-1,1,-1,1,1,1,-1,1,1,1,1,1,-1,1,1,1,-1,1,1,1,-1,b
1,0,0.92277,0.07804,0.92679,0.16251,0.89702,0.24618,0.84111,0.35197,0.78801,0.42196,0.70716,0.46983,0.70796,0.56476,0.60459,0.64200,0.51247,0.64924,0.39903,0.66975,0.34232,0.68343,0.23693,0.76146,0.18765,0.73885,0.09694,0.71038,0.02735,0.77072,-0.04023,0.69509,g
1,0,0.68198,-0.17314,0.82332,0.21908,0.46643,0.32862,0.25795,0.58304,1,-0.15194,0.01060,0.44523,0.01060,0.38869,0.18681,0.41168,0.10567,0.36353,0.04325,0.30745,-0.00083,0.24936,-0.02862,0.19405,-0.04314,0.14481,-0.04779,0.10349,-0.04585,0.07064,-0.04013,0.04586,b
1,0,0.74852,-0.02811,0.65680,-0.05178,0.80621,0.02811,0.85947,0.02515,0.63462,0.08728,0.71598,0.07840,0.73077,0.05178,0.78550,-0.27811,0.65976,-0.01479,0.78698,0.06953,0.34615,-0.18639,0.65385,0.02811,0.61009,-0.06637,0.53550,-0.21154,0.59024,-0.14053,0.56361,0.02959,g
1,0,0.39179,-0.06343,0.97464,0.04328,1,1,0.35821,0.15299,0.54478,0.13060,0.61567,-0.82090,0.57836,0.67910,0.66791,-0.10448,0.46642,-0.11567,0.65574,0.14792,0.83209,0.45522,0.47015,0.16418,0.49309,0.14630,0.32463,-0.02612,0.39118,0.13521,0.34411,0.12755,b
1,0,0.67547,0.04528,0.76981,-0.10566,0.77358,0.03774,0.66038,-0.04528,0.64528,0.01132,0.66792,-0.13962,0.72075,-0.02264,0.76981,0.08679,0.61887,-0.07925,0.75849,-0.23774,0.73962,-0.14717,0.84906,-0.15094,0.73886,-0.05801,0.66792,0.02264,0.86415,0.03774,0.73208,0.00755,g
1,0,0.72727,-0.05000,0.89241,0.03462,1,0.72727,0.66364,-0.05909,0.48182,-0.16818,0.81809,0.09559,0.56818,1,0.50455,0.21818,0.66818,0.10000,1,-0.30000,0.98636,-1,0.57273,0.32727,0.56982,0.14673,0.42273,0.08182,0.48927,0.14643,1,1,b
1,0,0.57647,-0.01569,0.40392,0,0.38431,0.12941,0.40000,-0.05882,0.56471,0.14118,0.46667,0.08235,0.52549,-0.05490,0.58039,0.01569,0.50196,0,0.45882,0.06667,0.58039,0.08235,0.49804,0.00392,0.48601,0.10039,0.46275,0.08235,0.45098,0.23529,0.43137,0.17255,g
1,0,0.41932,0.12482,0.35000,0.12500,0.23182,0.27955,-0.03636,0.44318,0.04517,0.36194,-0.19091,0.33636,-0.13350,0.27322,0.02727,0.40455,-0.34773,0.12727,-0.20028,0.05078,-0.18636,0.36364,-0.14003,-0.04802,-0.09971,-0.07114,-1,-1,-0.02916,-0.07464,-0.00526,-0.06314,b
1,0,0.88305,-0.21996,1,0.36373,0.82403,0.19206,0.85086,0.05901,0.90558,-0.04292,0.85193,0.25000,0.77897,0.25322,0.69206,0.57940,0.71030,0.39056,0.73176,0.27575,1,0.34871,0.56760,0.52039,0.69811,0.53235,0.80901,0.58584,0.43026,0.70923,0.52361,0.54185,g
1,0,0.84557,-0.08580,-0.31745,-0.80553,-0.08961,-0.56435,0.80648,0.04576,0.89514,-0.00763,-0.18494,0.63966,-0.20019,-0.68065,0.85701,-0.11344,0.77979,-0.15729,-0.06959,0.50810,-0.34128,0.80934,0.78932,-0.03718,0.70882,-0.25288,0.77884,-0.14109,-0.21354,-0.78170,-0.18494,-0.59867,b
1,0,0.70870,-0.24783,0.64348,0.04348,0.45217,0.38261,0.65217,0.18261,0.5,0.26957,0.57826,-0.23043,0.50435,0.37826,0.38696,-0.42609,0.36087,-0.26087,0.26957,0.11739,0.53246,-0.03845,0.31304,-0.12174,0.49930,-0.04264,0.48348,-0.04448,0.64348,-0.25217,0.50435,0.14783,g
1,0,-0.54180,0.14861,-0.33746,0.73375,0.52012,-0.13932,0.31889,-0.06811,0.20743,-0.15170,0.47368,0.08978,0.56347,-0.15480,0.16409,0.45201,0.33746,0.03406,0.50464,0.07121,-0.63777,-0.61610,1,0.65635,0.41348,-0.40116,-0.15170,0.11146,0.02399,0.55820,0.52632,-0.08978,b
1,0,0.29202,0.13582,0.45331,0.16808,0.51783,-0.00509,0.52632,0.20883,0.52462,-0.16638,0.47368,-0.04754,0.55518,0.03905,0.81664,-0.22411,0.42445,-0.04244,0.34975,0.06621,0.28183,-0.20883,0.51731,-0.03176,0.50369,-0.03351,0.34635,0.09847,0.70798,-0.01868,0.39559,-0.03226,g
1,0,0.79157,0.16851,0,0,0.56541,0.06874,0.39468,1,0.38359,0.99557,-0.02439,0.53215,0.23725,0.12860,-0.02661,0.95122,-0.50998,0.84922,-0.10200,0.38803,-0.42572,0.23725,-0.91574,0.80710,-0.34146,0.88248,-1,0.69401,-1,0.12860,0,0,b
1,0,0.90116,0.16607,0.79299,0.37379,0.72990,0.50515,0.59784,0.72997,0.44303,0.81152,0.24412,0.87493,0.06438,0.85038,-0.12611,0.87396,-0.28739,0.79617,-0.46635,0.65924,-0.57135,0.53805,-0.68159,0.39951,-0.71844,0.25835,-0.72369,0.11218,-0.71475,-0.05525,-0.67699,-0.19904,g
1,0,0.97714,0.19049,0.82683,0.46259,0.71771,0.58732,0.47968,0.84278,0.31409,0.92643,0.10289,0.93945,-0.13254,0.84290,-0.32020,0.91624,-0.52145,0.79525,-0.68274,0.49508,-0.77408,0.33537,-0.85376,0.17849,-0.83314,-0.01358,-0.82366,-0.19321,-0.67289,-0.33662,-0.59943,-0.49700,g
1,0,-1,-1,0,0,0.50814,-0.78502,0.60586,0.32899,-1,-0.41368,0,0,0,0,1,-0.26710,0.36482,-0.63518,0.97068,-1,-1,-1,1,-0.59609,-1,-1,-1,-1,1,-1,0,0,b
1,0,0.74084,0.04974,0.79074,0.02543,0.78575,0.03793,0.66230,0.09948,0.67801,0.31152,0.75934,0.07348,0.74695,0.08442,0.70681,-0.07853,0.63613,0,0.70021,0.11355,0.68183,0.12185,0.67016,0.15445,0.64158,0.13608,0.65707,0.17539,0.59759,0.14697,0.57455,0.15114,g
1,0,1,-1,0,0,0.77941,-0.99265,0.80882,0.55147,-0.41912,-0.94853,0,0,0,0,0.72059,-0.77206,0.73529,-0.60294,0,0,0.18382,-1,-1,-1,-1,-1,1,-1,1,-1,0,0,b
1,0,1,0.01709,0.96215,-0.03142,1,-0.03436,1,-0.05071,0.99026,-0.07092,0.99173,-0.09002,1,-0.15727,1,-0.14257,0.98310,-0.11813,1,-0.18519,1,-0.19272,0.98971,-0.22083,0.96490,-0.20243,0.94599,-0.17123,0.96436,-0.22561,0.87011,-0.23296,g
0,0,0,0,0,0,0,0,0,0,0,0,0,0,0,0,0,0,0,0,0,0,0,0,0,0,1,-1,0,0,0,0,0,0,b
1,0,0.95704,-0.12095,0.63318,-0.12690,0.96365,-0.18242,0.97026,0.08460,0.92003,-0.01124,0.83543,-0.24719,1,-0.31395,0.99273,-0.21216,0.98678,-0.21018,1,-0.27165,0.93126,-0.39458,1,-0.19233,0.88793,-0.31565,0.81428,-0.23728,0.89095,-0.31857,0.69531,-0.41573,g
1,0,0.28409,-0.31818,0,0,0.68182,-1,0.30682,0.95833,0.64394,0.06439,0.34848,-0.84848,0,0,0.59091,-0.35985,0.45076,-0.80682,0,0,0,0,0.24242,0.17803,1,-0.23864,0.06061,-0.48485,0.16288,-0.70076,0,0,b
1,0,0.95217,0.06595,0.93614,0.13030,0.90996,0.19152,0.84881,-0.49962,0.90023,0.61320,0.77937,0.34328,0.72254,0.37988,0.66145,0.40844,0.95472,0.59862,0.53258,0.44088,0.46773,0.44511,0.40440,0.44199,0.34374,0.43221,0.90330,1,0.23405,0.39620,0.18632,0.37191,g
1,0,0.59840,0.40332,0.82809,0.80521,0.76001,0.70709,0.84010,-0.10984,0.97311,0.07981,0.95824,-0.85727,0.91962,0.88444,0.95452,-0.05206,0.88673,0.18135,0.98484,-0.69594,0.86670,-0.85755,0.28604,-0.30063,1,0.17076,0.62958,0.42677,0.87757,0.81007,0.81979,0.68822,b
1,0,0.95882,0.10129,1,-0.01918,0.98313,0.02555,0.96974,-0.09316,0.98955,-0.02716,0.97980,-0.03096,1,-0.05343,1,-0.05179,0.93840,0.01557,0.97620,-0.09284,0.97889,-0.05318,0.91567,-0.15675,0.95677,-0.06995,0.90978,0.01307,1,-0.10797,0.93144,-0.06888,g
1,0,0,0,-0.33672,0.85388,0,0,0.68869,-1,0.97078,0.31385,-0.26048,-0.59212,-0.30241,0.65565,0.94155,0.16391,0,0,0,0,-0.18043,-1,0,0,1,-1,0,0,0.04447,0.61881,0,0,b
1,0,0.96933,0.00876,1,0.00843,0.98658,-0.00763,0.97868,-0.02844,0.99820,-0.03510,1,-0.01271,1,-0.02581,1,-0.01175,0.98485,0.00025,1,-0.02612,1,-0.04744,0.96019,-0.04527,0.99188,-0.03473,0.97020,-0.02478,1,-0.03855,0.98420,-0.04112,g
1,0,0,0,0.98919,-0.22703,0.18919,-0.05405,0,0,0.93243,0.07297,1,-0.20000,1,0.07027,1,-0.11351,0,0,1,-0.21081,1,-0.41622,0,0,1,-0.17568,0,0,1,-0.25946,0.28919,-0.15676,b
1,0,0.64122,0.01403,0.34146,-0.02439,0.52751,0.03466,0.19512,0.12195,0.43313,0.04755,0.21951,0.04878,0.29268,0,0.36585,0,0.31707,0.07317,0.26829,0.12195,0.23698,0.05813,0.21951,0.09756,0.19304,0.05641,0.17410,0.05504,0.19512,0,0.17073,0.07317,g
1,0,-0.26667,0.40000,-0.27303,0.12159,-0.17778,-0.04444,0.06192,-0.06879,0.04461,0.02575,-0.00885,0.02726,-0.01586,-0.00166,-0.00093,-0.00883,0.00470,-0.00153,0.00138,0.00238,-0.00114,0.00102,-0.00069,-0.00050,0.00019,-0.00043,0.00026,0.00005,0,0.00015,-0.00008,0.00002,b
1,0,1,-0.37838,0.64865,0.29730,0.64865,-0.24324,0.86486,0.18919,1,-0.27027,0.51351,0,0.62162,-0.05405,0.32432,-0.21622,0.71833,-0.17666,0.62162,0.05405,0.75676,0.13514,0.35135,-0.29730,0.61031,-0.22163,0.58478,-0.23027,0.72973,-0.59459,0.51351,-0.24324,g
1,0,0.94531,-0.03516,-1,-0.33203,-1,-0.01563,0.97266,0.01172,0.93359,-0.01953,-1,0.16406,-1,-0.00391,0.95313,-0.03516,0.92188,-0.02734,-0.99219,0.11719,-0.93359,0.34766,0.95703,-0.00391,0.82041,0.13758,0.90234,-0.06641,-1,-0.18750,-1,-0.34375,b
1,0,0.95202,0.02254,0.93757,-0.01272,0.93526,0.01214,0.96705,-0.01734,0.96936,0.00520,0.95665,-0.03064,0.95260,-0.00405,0.99480,-0.02659,0.99769,0.01792,0.93584,-0.04971,0.93815,-0.02370,0.97052,-0.04451,0.96215,-0.01647,0.97399,0.01908,0.95434,-0.03410,0.95838,0.00809,g
1,0,1,0.11765,1,0.23529,1,0.41176,1,0.05882,1,0.23529,1,0.11765,1,0.47059,1,-0.05882,1,-0.11765,1,0.35294,1,0.41176,1,-0.11765,1,0.20225,1,0.05882,1,0.35294,1,0.23529,g
1,0,0,0,-1,-0.62766,1,0.51064,0.07979,-0.23404,-1,-0.36170,0.12766,-0.59043,1,-1,0,0,0.82979,-0.07979,-0.25000,1,0.17021,-0.70745,0,0,-0.19149,-0.46809,-0.22340,-0.48936,0.74468,0.90426,-0.67553,0.45745,b
1,0,0.91667,0.29167,0.83333,-0.16667,0.70833,0.25000,0.87500,-0.08333,0.91667,0.04167,0.83333,0.12500,0.70833,0,0.87500,0.04167,1,0.08333,0.66667,-0.08333,0.75000,0.16667,0.83333,-0.12500,0.83796,0.05503,1,0.20833,0.70833,0,0.70833,0.04167,g
1,0,0.18590,-0.16667,0,0,0,0,0,0,0,0,0.11538,-0.19071,0,0,0,0,0,0,0,0,-0.05128,-0.06571,0.07853,0.08974,0.17308,-0.10897,0.12500,0.09615,0.02564,-0.04808,0.16827,0.19551,b
1,0,1,-0.08183,1,-0.11326,0.99246,-0.29802,1,-0.33075,0.96662,-0.34281,0.85788,-0.47265,0.91904,-0.48170,0.73084,-0.65224,0.68131,-0.63544,0.82450,-0.78316,0.58829,-0.74785,0.67033,-0.96296,0.48757,-0.85669,0.37941,-0.83893,0.24117,-0.88846,0.29221,-0.89621,g
1,0,1,1,-1,1,-1,-0.82456,0.34649,0.21053,0.46053,0.07018,0.22807,0.05702,0.35088,0.34649,0.72807,-0.03947,0.22807,0.53070,0,0,-0.29825,-0.16228,1,-0.66667,1,-1,1,-0.24561,0.35088,0.20175,0.82895,0.07895,b
1,0,1,0.24077,0.99815,0.00369,0.80244,-0.30133,0.89919,-0.23486,0.70643,-0.24077,0.73855,-0.30539,0.71492,-0.36078,0.47194,-0.61189,0.40473,-0.55059,0.61041,-0.39328,0.53176,-0.32681,0.23966,-0.52142,0.29208,-0.48390,0.12777,-0.39143,0.15657,-0.51329,0.18353,-0.46603,g
0,0,-1,1,1,-1,0,0,0,0,1,-1,1,1,0,0,1,-1,0,0,0,0,1,1,-1,1,1,-1,-1,1,-1,-1,0,0,b
1,0,0.92247,-0.19448,0.96419,-0.17674,0.87024,-0.22602,0.81702,-0.27070,0.79271,-0.28909,0.70302,-0.49639,0.63338,-0.49967,0.37254,-0.70729,0.27070,-0.72109,0.40506,-0.54172,0.33509,-0.59691,0.14750,-0.63601,0.09312,-0.59589,-0.07162,-0.54928,-0.01840,-0.54074,-0.07457,-0.47898,g
1,0,-1,-1,-0.50694,1,1,-1,1,0.53819,0,0,0.23958,-1,1,1,0,0,1,1,1,1,0,0,-0.71528,1,0.33333,-1,1,-1,0.69792,-1,0.47569,1,b
0,0,0,0,0,0,0,0,0,0,0,0,0,0,0,0,0,0,0,0,0,0,0,0,0,0,1,-1,0,0,0,0,0,0,b
1,0,1,0.5,1,0.25000,0.25000,1,0.16851,0.91180,-0.13336,0.80454,-0.34107,0.60793,-0.43820,0.37856,-0.43663,0.16709,-0.36676,0.00678,-0.26477,-0.09025,-0.16178,-0.12964,-0.07782,-0.12744,-0.02089,-0.10242,0.01033,-0.07036,0.02224,-0.04142,0.02249,-0.02017,g
1,0,0,0,0,0,1,1,-1,-1,0,0,1,-0.11111,0,0,0,0,-1,1,1,1,1,-1,0,0,1,-1,0,0,0,0,1,1,b
1,0,0.87048,0.38027,0.64099,0.69212,0.31347,0.86625,-0.03933,0.90740,-0.42173,0.79346,-0.70561,0.51560,-0.81049,0.22735,-0.81136,-0.12539,-0.67474,-0.38102,-0.38334,-0.62861,-0.13013,-0.70762,0.15552,-0.66421,0.38544,-0.51568,0.52573,-0.29897,0.56239,-0.05938,0.51460,0.16645,g
1,0,0,0,0,0,0,0,-1,1,0,0,1,0.37333,-0.12000,-0.12000,0,0,-1,-1,0,0,1,-1,0,0,1,0.22667,0,0,0,0,0,0,b
1,0,0.88179,0.43491,0.59573,0.77655,0.19672,0.94537,-0.24103,0.92544,-0.62526,0.71257,-0.86443,0.33652,-0.92384,-0.05338,-0.77356,-0.44707,-0.46950,-0.73285,-0.10237,-0.82217,0.26384,-0.77570,0.55984,-0.55910,0.72147,-0.24433,0.72478,0.09599,0.58137,0.38915,0.34749,0.57656,g
1,0,0.32834,0.02520,0.15236,0.21278,0.14919,0.74003,-0.25706,0.92324,-0.10312,0.19380,-0.61352,0.25786,-0.94053,-0.05409,-0.13117,-0.14329,-0.30315,-0.44615,-0.11409,-0.85597,0.02668,-0.22786,0.27942,-0.06295,0.33737,-0.11876,0.27657,-0.11409,0.15078,0.13296,0.12197,0.20468,g
1,0,0.83427,0.39121,0.54040,0.78579,0.12326,0.89402,-0.33221,0.83578,-0.70086,0.59564,-0.86622,0.21909,-0.84442,-0.24164,-0.59714,-0.61894,-0.19354,-0.87787,0.12439,-0.89064,0.51109,-0.72454,0.79143,-0.27734,0.83008,0.08718,0.66592,0.49079,0.37542,0.70011,-0.03983,0.79444,g
1,0,0.62335,-0.03490,0.59085,0.00481,0.60409,-0.07461,0.63177,0.00963,0.62455,-0.07461,0.67028,0.07220,0.62936,-0.08424,0.67509,0.09146,0.67148,0,0.58965,0.10108,0.50060,0.03129,0.65945,0.14079,0.60463,0.02019,0.51384,0.04452,0.61733,-0.00963,0.61372,-0.09146,g
1,0,0.89505,-0.03168,0.87525,0.05545,0.89505,0.01386,0.92871,0.02772,0.91287,-0.00990,0.94059,-0.01584,0.91881,0.03366,0.93663,0,0.94257,0.01386,0.90495,0.00792,0.88713,-0.01782,0.89307,0.02376,0.89002,0.01611,0.88119,0.00198,0.87327,0.04158,0.86733,0.02376,g
1,0,0.90071,0.01773,1,-0.01773,0.90071,0.00709,0.84752,0.05674,1,0.03546,0.97872,0.01064,0.97518,0.03546,1,-0.03191,0.89716,-0.03191,0.86170,0.07801,1,0.09220,0.90071,0.04610,0.94305,0.03247,0.94681,0.02482,1,0.01064,0.93617,0.02128,g
1,0,0.39394,-0.24242,0.62655,0.01270,0.45455,0.09091,0.63636,0.09091,0.21212,-0.21212,0.57576,0.15152,0.39394,0,0.56156,0.04561,0.51515,0.03030,0.78788,0.18182,0.30303,-0.15152,0.48526,0.05929,0.46362,0.06142,0.33333,-0.03030,0.41856,0.06410,0.39394,0.24242,g
1,0,0.86689,0.35950,0.72014,0.66667,0.37201,0.83049,0.08646,0.85893,-0.24118,0.86121,-0.51763,0.67577,-0.68714,0.41524,-0.77019,0.09898,-0.69397,-0.13652,-0.49488,-0.42207,-0.32537,-0.57679,-0.02844,-0.59954,0.15360,-0.53127,0.32309,-0.37088,0.46189,-0.19681,0.40956,0.01820,g
1,0,0.89563,0.37917,0.67311,0.69438,0.35916,0.88696,-0.04193,0.93345,-0.38875,0.84414,-0.67274,0.62078,-0.82680,0.30356,-0.86150,-0.05365,-0.73564,-0.34275,-0.51778,-0.62443,-0.23428,-0.73855,0.06911,-0.73856,0.33531,-0.62296,0.52414,-0.42086,0.61217,-0.17343,0.60073,0.08660,g
1,0,0.90547,0.41113,0.65354,0.74761,0.29921,0.95905,-0.13342,0.97820,-0.52236,0.83263,-0.79657,0.55086,-0.96631,0.15192,-0.93001,-0.25554,-0.71863,-0.59379,-0.41546,-0.85205,-0.02250,-0.93788,0.36318,-0.85368,0.67538,-0.61959,0.85977,-0.28123,0.88654,0.09800,0.75495,0.46301,g
1,0,1,1,0.36700,0.06158,0.12993,0.92713,-0.27586,0.93596,-0.31527,0.37685,-0.87192,0.36946,-0.92857,-0.08867,-0.38916,-0.34236,-0.46552,-0.82512,-0.05419,-0.93596,0.25616,-0.20443,0.73792,-0.45950,0.85471,-0.06831,1,1,0.38670,0.00246,0.17758,0.79790,g
1,0,1,0.51515,0.45455,0.33333,0.06061,0.36364,-0.32104,0.73062,-0.45455,0.48485,-0.57576,0,-0.57576,-0.12121,-0.33333,-0.48485,-0.09091,-0.84848,0.48485,-0.57576,0.57576,-0.42424,1,-0.39394,0.72961,0.12331,0.96970,0.57576,0.24242,0.36364,0.09091,0.33333,g
1,0,0.88110,0,0.94817,-0.02744,0.93598,-0.01220,0.90244,0.01829,0.90244,0.01829,0.93902,0.00915,0.95732,0.00305,1,0.02744,0.94207,-0.01220,0.90854,0.02439,0.91463,0.05488,0.99695,0.04878,0.89666,0.02226,0.90854,0.00915,1,0.05488,0.97561,-0.01220,g
1,0,0.82624,0.08156,0.79078,-0.08156,0.90426,-0.01773,0.92908,0.01064,0.80142,0.08865,0.94681,-0.00709,0.94326,0,0.93262,0.20213,0.95035,-0.00709,0.91489,0.00709,0.80496,0.07092,0.91135,0.15957,0.89527,0.08165,0.77660,0.06738,0.92553,0.18085,0.92553,0,g
1,0,0.74468,0.10638,0.88706,0.00982,0.88542,0.01471,0.87234,-0.01418,0.73050,0.10638,0.87657,0.02912,0.87235,0.03382,0.95745,0.07801,0.95035,0.04255,0.85597,0.04743,0.84931,0.05178,0.87234,0.11348,0.83429,0.06014,0.74468,-0.03546,0.81710,0.06800,0.80774,0.07173,g
1,0,0.87578,0.03727,0.89951,0.00343,0.89210,0.00510,0.86335,0,0.95031,0.07453,0.87021,0.00994,0.86303,0.01151,0.83851,-0.06211,0.85714,0.02484,0.84182,0.01603,0.83486,0.01749,0.79503,-0.04348,0.82111,0.02033,0.81988,0.08696,0.80757,0.02308,0.80088,0.02441,g
1,0,0.97513,0.00710,0.98579,0.01954,1,0.01954,0.99290,0.01599,0.95737,0.02309,0.97158,0.03552,1,0.03730,0.97869,0.02131,0.98579,0.05684,0.97158,0.04796,0.94494,0.05506,0.98401,0.03552,0.97540,0.06477,0.94849,0.08171,0.99112,0.06217,0.98934,0.09947,g
1,0,1,0.01105,1,0.01105,1,0.02320,0.99448,-0.01436,0.99448,-0.00221,0.98343,0.02320,1,0.00884,0.97569,0.00773,0.97901,0.01657,0.98011,0.00663,0.98122,0.02099,0.97127,-0.00663,0.98033,0.01600,0.97901,0.01547,0.98564,0.02099,0.98674,0.02762,g
1,0,1,-0.01342,1,0.01566,1,-0.00224,1,0.06264,0.97763,0.04474,0.95973,0.02908,1,0.06488,0.98881,0.03356,1,0.03579,0.99776,0.09396,0.95749,0.07383,1,0.10067,0.99989,0.08763,0.99105,0.08501,1,0.10067,1,0.10067,g
1,0,0.88420,0.36724,0.67123,0.67382,0.39613,0.86399,0.02424,0.93182,-0.35148,0.83713,-0.60316,0.58842,-0.78658,0.38778,-0.83285,-0.00642,-0.69318,-0.32963,-0.52504,-0.53924,-0.27377,-0.68126,0.00806,-0.69774,0.26028,-0.60678,0.44569,-0.43383,0.54209,-0.21542,0.56286,0.02823,g
1,0,0.90147,0.41786,0.64131,0.75725,0.30440,0.95148,-0.20449,0.96534,-0.55483,0.81191,-0.81857,0.50949,-0.96986,0.10345,-0.91456,-0.31412,-0.70163,-0.65461,-0.32354,-0.88999,0.05865,-0.94172,0.44483,-0.82154,0.74105,-0.55231,0.89415,-0.18725,0.87893,0.20359,0.70555,0.54852,g
1,0,0.32789,0.11042,0.15970,0.29308,0.14020,0.74485,-0.25131,0.91993,-0.16503,0.26664,-0.63714,0.24865,-0.97650,-0.00337,-0.23227,-0.19909,-0.30522,-0.48886,-0.14426,-0.89991,0.09345,-0.28916,0.28307,-0.18560,0.39599,-0.11498,0.31005,0.05614,0.21443,0.20540,0.13376,0.26422,g
1,0,0.65845,0.43617,0.44681,0.74804,0.05319,0.85106,-0.32027,0.82139,-0.68253,0.52408,-0.84211,0.07111,-0.82811,-0.28723,-0.47032,-0.71725,-0.04759,-0.86002,0.23292,-0.76316,0.56663,-0.52128,0.74300,-0.18645,0.74758,0.23713,0.45185,0.59071,0.20549,0.76764,-0.18533,0.74356,g
1,0,0.19466,0.05725,0.04198,0.25191,-0.10557,0.48866,-0.18321,-0.18321,-0.41985,0.06107,-0.45420,0.09160,-0.16412,-0.30534,-0.10305,-0.39695,0.18702,-0.17557,0.34012,-0.11953,0.28626,-0.16031,0.21645,0.24692,0.03913,0.31092,-0.03817,0.26336,-0.16794,0.16794,-0.30153,-0.33588,g
1,0,0.98002,0.00075,1,0,0.98982,-0.00075,0.94721,0.02394,0.97700,0.02130,0.97888,0.03073,0.99170,0.02338,0.93929,0.05713,0.93552,0.05279,0.97738,0.05524,1,0.06241,0.94155,0.08107,0.96709,0.07255,0.95701,0.08088,0.98190,0.08126,0.97247,0.08616,g
1,0,0.82254,-0.07572,0.80462,0.00231,0.87514,-0.01214,0.86821,-0.07514,0.72832,-0.11734,0.84624,0.05029,0.83121,-0.07399,0.74798,0.06705,0.78324,0.06358,0.86763,-0.02370,0.78844,-0.06012,0.74451,-0.02370,0.76717,-0.02731,0.74046,-0.07630,0.70058,-0.04220,0.78439,0.01214,g